[gd_scene load_steps=7 format=2]

[ext_resource path="res://Weapons/PulseRifle.tscn" type="PackedScene" id=1]
[ext_resource path="res://Weapons/Sniper.tscn" type="PackedScene" id=2]
[ext_resource path="res://Weapons/Pistol.tscn" type="PackedScene" id=3]
[ext_resource path="res://Weapons/DB Shotgun.tscn" type="PackedScene" id=4]

[sub_resource type="ProceduralSky" id=1]

[sub_resource type="Environment" id=2]
background_mode = 1
background_sky = SubResource( 1 )
background_color = Color( 0.6, 0.6, 0.6, 1 )

[node name="GunTestingRoom" type="Spatial"]

[node name="WorldEnvironment" type="WorldEnvironment" parent="."]
environment = SubResource( 2 )

[node name="PulseRifle" parent="." instance=ExtResource( 1 )]
transform = Transform( 0.794499, 0, 0.607265, 0, 1, 0, -0.607265, 0, 0.794499, 1.47261, -1.64481, 0 )

[node name="DirectionalLight" type="DirectionalLight" parent="."]
transform = Transform( 0.932262, 0.166593, 0.321146, -0.0360684, -0.840451, 0.540685, 0.359982, -0.515644, -0.777512, 0.459172, 0.199209, -0.693667 )
light_energy = 1.883
shadow_enabled = true
shadow_color = Color( 0.72549, 0.72549, 0.72549, 1 )
shadow_contact = 0.297

[node name="Pistol" parent="." instance=ExtResource( 3 )]
transform = Transform( -0.665191, 0, 0.746673, 0, 1, 0, -0.746673, 0, -0.665191, 1.88883, -1.77829, -0.856388 )

[node name="DB Shotgun" parent="." instance=ExtResource( 4 )]
transform = Transform( 0.700336, 0, -0.713813, 0, 1, 0, 0.713813, 0, 0.700336, 3.21652, -1.81268, -3.29969 )

[node name="Sniper" parent="." instance=ExtResource( 2 )]
transform = Transform( 0.633043, 0, -0.774117, 0, 1, 0, 0.774117, 0, 0.633043, 5.536, -2.605, -5.302 )
